#Platform: iluvatar
#GPU: 天数 BI100
#CPU: Intel(R) Xeon(R) Gold 6330 CPU @ 2.00GHz


#gray
throughput_gray:
8594.56
6140.55
3894.23 
2685.26
1799.97
1350.31
1055.55
817.68
647.83
523.72

speedup_gray:
8.35226
7.02025
6.36762
6.03288
4.52927
3.66657
2.98139
2.46526
2.38591
2.20986

MAE_gray:
1.68789e-06
6.51042e-06
2.53183e-06
4.09915e-06
3.01408e-06
7.2338e-06
6.51042e-06
9.88619e-06
6.99267e-06
7.11323e-06


#rgb
throughput_rgb:
2662.75
2254.44
1660.98
1256.35
901.42
701.81
562.32
444.78
357.13
291.72

speedup_rgb:
11.4367
10.1008
9.04011
8.06227
6.37318
5.15521
4.31887
3.92115
3.71837
3.51772

MAE_rgb:
4.42065e-07
2.81314e-06
4.38047e-06
4.5814e-06
4.38047e-06
2.57202e-06
3.49633e-06
5.94779e-06
4.2599e-06
5.10385e-06
