#Platform: metax
#GPU: 沐曦 C500-16G
#CPU: Intel(R) Core(TM) i7-8550U CPU @ 1.80GHz


#gray
throughput_gray:
9551.09
5931.08
3457.88
2271.39
1494.44
1102.80
862.00
664.94
527.62
425.89

speedup_gray:
1.98467
1.79002
2.67978
2.62693
2.80345
2.69172
2.73795
2.69132
2.73793
2.72632

MAE_gray:
0.486975
0.49526
4.94309e-06
7.11323e-06 
6.51042e-06
6.14873e-06
7.95718e-06
4.21971e-06
4.94309e-06
6.63098e-06

#rgb
throughput_rgb:
4361.43
3215.41
2188.33
1576.27
1086.52
829.44
655.42
506.24
407.79
330.19

speedup_rgb:
21.1496
15.6313
12.5088
10.5937
8.23794
7.87266
4.59177
4.41521
4.16321
5.26927

MAE_rgb:
1.24582e-06
8.23849e-06
5.94779e-06
3.73746e-06
6.95248e-06
5.66647e-06
6.10854e-06
7.03286e-06
4.74216e-06
4.34028e-06

