#Platform: moore
#GPU: 摩尔线程 S5000
#CPU: Intel(R) Xeon(R) Gold 6430


#gray
throughput_gray:
12522.78
9385.87
6173.55
4329.85
2957.89
2239.56
1759.93
1371.34
1091.28
885.31

speedup_gray:
3.61347
4.35318
9.09573
10.029
10.792
10.9914
11.4681
11.5015
11.7973
11.8315

MAE_gray:
0.493864
0.497564
0.00000446084
8.80112e-06
7.47492e-06
5.42535e-06
6.51042e-06
6.02816e-06
6.02816e-06
3.49633e-06

#rgb
throughput_rgb:
4833.82
3833.93
2739.49
2022.33
1424.69
1104.50
880.56
694.45
556.19
453.54

speedup_rgb:
16.8466
18.1259
27.2701
28.9265
29.0732
29.556
29.8733
30.0655
30.1244
30.1175

MAE_rgb:
0.00000257202
0.0000024145
0.00000570666
5.14403e-06
4.5814e-06
5.14403e-06
6.59079e-06
3.77765e-06
5.30478e-06
3.17483e-06
