#Platform: nvidia
#GPU: Nvidia A100
#CPU: Intel(R) Xeon(R) Processor @ 2.90GHz

#gray
throughput_gray:
3254.41
3060.33
2763.45
2478.31
2130.61
1878.15
1079.03
972.94
690.79
632.35

speedup_gray:
4.27553
3.99363
3.93609
4.14105
3.92931
3.99847
3.02489
4.03044
2.73277
2.94585

MAE_gray:
0.481447
0.499052
4.5814e-06
2.65239e-06
2.77296e-06
5.66647e-06
7.71605e-06
8.07774e-06
5.30478e-06
7.35436e-06



#rgb
throughput_rgb:
1650.54
1582.13
1468.59
1354.47
1201.05
806.97
742.75
551.99
442.79
405.94

speedup_rgb:
14.1611
8.02206
9.37769
11.2139
10.7873
9.27599
13.915
16.017
16.684
17.9033

MAE_rgb:
8.43943e-07
8.31887e-06
3.73746e-06
2.93371e-06
5.14403e-06
7.31417e-06
4.5814e-06
9.16281e-06
7.15342e-06
6.91229e-06

